#Time         gpu    pwr  gtemp  mtemp     sm    mem    enc    dec    jpg    ofa     fb   bar1   ccpm 
#HH:MM:SS     Idx      W      C      C      %      %      %      %      %      %     MB     MB     MB 
 14:54:10       0    103     61      -      0      0      0      0      0      0     14      1      0 
 14:54:11       0     77     60      -      0      0      0      0      0      0     14      1      0 
 14:54:12       0     74     59      -      0      0      0      0      0      0     14      1      0 
 14:54:13       0     74     59      -      0      0      0      0      0      0     14      1      0 
 14:54:14       0     78     59      -      3      0      0      0      0      0    446      4      0 
 14:54:15       0     98     59      -      0      0      0      0      0      0    446      4      0 
 14:54:16       0     98     59      -      0      0      0      0      0      0    446      4      0 
 14:54:17       0     97     59      -      0      0      0      0      0      0    446      4      0 
 14:54:18       0     97     58      -      0      0      0      0      0      0    446      4      0 
 14:54:19       0     97     58      -      0      0      0      0      0      0    446      4      0 
 14:54:20       0     97     58      -      0      0      0      0      0      0    446      4      0 
 14:54:21       0     97     58      -      0      0      0      0      0      0    446      4      0 
 14:54:22       0     96     58      -      0      0      0      0      0      0    446      4      0 
 14:54:23       0     96     57      -      0      0      0      0      0      0    446      4      0 
 14:54:24       0     96     57      -      0      0      0      0      0      0    446      4      0 
 14:54:25       0     96     57      -      0      0      0      0      0      0    446      4      0 
 14:54:26       0     96     57      -      0      0      0      0      0      0    446      4      0 
 14:54:27       0     96     57      -      0      0      0      0      0      0    446      4      0 
 14:54:28       0     96     57      -      0      0      0      0      0      0    446      4      0 
 14:54:29       0     95     57      -      0      0      0      0      0      0    446      4      0 
 14:54:30       0     95     56      -      0      0      0      0      0      0    446      4      0 
 14:54:31       0     95     56      -      0      0      0      0      0      0    446      4      0 
 14:54:32       0     95     56      -      0      0      0      0      0      0    446      4      0 
 14:54:33       0     95     56      -      0      0      0      0      0      0    446      4      0 
 14:54:34       0     95     56      -      0      0      0      0      0      0    446      4      0 
 14:54:35       0     95     56      -      0      0      0      0      0      0    446      4      0 
 14:54:36       0     95     56      -      0      0      0      0      0      0    446      4      0 
 14:54:37       0     95     55      -      0      0      0      0      0      0    446      4      0 
 14:54:38       0     95     55      -      0      0      0      0      0      0    446      4      0 
 14:54:39       0     95     55      -      0      0      0      0      0      0    446      4      0 
 14:54:40       0     95     55      -      0      0      0      0      0      0    446      4      0 
 14:54:41       0     95     55      -      0      0      0      0      0      0    446      4      0 
 14:54:42       0     95     55      -      0      0      0      0      0      0    446      4      0 
 14:54:43       0     94     55      -      0      0      0      0      0      0    446      4      0 
 14:54:44       0     94     54      -      0      0      0      0      0      0    446      4      0 
 14:54:45       0     94     54      -      0      0      0      0      0      0    446      4      0 
 14:54:46       0     94     54      -      0      0      0      0      0      0    446      4      0 
 14:54:47       0     94     54      -      0      0      0      0      0      0    446      4      0 
 14:54:48       0     94     54      -      0      0      0      0      0      0    446      4      0 
 14:54:49       0     94     54      -      0      0      0      0      0      0    446      4      0 
 14:54:50       0     94     54      -      0      0      0      0      0      0    446      4      0 
 14:54:51       0     93     54      -      0      0      0      0      0      0    446      4      0 
 14:54:52       0     93     54      -      0      0      0      0      0      0    446      4      0 
 14:54:53       0     93     53      -      0      0      0      0      0      0    446      4      0 
#Time         gpu    pwr  gtemp  mtemp     sm    mem    enc    dec    jpg    ofa     fb   bar1   ccpm 
#HH:MM:SS     Idx      W      C      C      %      %      %      %      %      %     MB     MB     MB 
 14:54:54       0     93     53      -      0      0      0      0      0      0    446      4      0 
 14:54:55       0     93     53      -      0      0      0      0      0      0    446      4      0 
 14:54:56       0     93     53      -      0      0      0      0      0      0    446      4      0 
 14:54:57       0     93     53      -      0      0      0      0      0      0    446      4      0 
 14:54:58       0     93     53      -      0      0      0      0      0      0    446      4      0 
 14:54:59       0     92     53      -      0      0      0      0      0      0    446      4      0 
 14:55:00       0     92     53      -      0      0      0      0      0      0    446      4      0 
 14:55:01       0     92     53      -      0      0      0      0      0      0    446      4      0 
 14:55:02       0     92     53      -      0      0      0      0      0      0    446      4      0 
 14:55:03       0     93     52      -      0      0      0      0      0      0    446      4      0 
 14:55:04       0     93     52      -      0      0      0      0      0      0    446      4      0 
 14:55:05       0     92     52      -      0      0      0      0      0      0    446      4      0 
 14:55:06       0     92     52      -      0      0      0      0      0      0    446      4      0 
 14:55:07       0     98     52      -     32      1      0      0      0      0   4208      4      0 
 14:55:08       0     97     52      -      0      0      0      0      0      0   8304      4      0 
 14:55:09       0     94     52      -      9      0      0      0      0      0   9504      4      0 
 14:55:10       0     94     52      -      7      0      0      0      0      0  11392      4      0 
 14:55:11       0     94     52      -     10      0      0      0      0      0  13696      4      0 
 14:55:12       0     94     52      -     12      1      0      0      0      0  16148      4      0 
 14:55:13       0     93     52      -      0      0      0      0      0      0  16154      4      0 
 14:55:14       0     93     52      -      0      0      0      0      0      0  16154      4      0 
 14:55:15       0     92     52      -      0      0      0      0      0      0  16154      4      0 
 14:55:16       0     93     51      -      0      0      0      0      0      0  16154      4      0 
 14:55:17       0     93     51      -      0      0      0      0      0      0  16156      4      0 
 14:55:18       0    199     59      -     90     50      0      0      0      0  27044      4      0 
 14:55:19       0    308     61      -     96     69      0      0      0      0  27046      4      0 
 14:55:20       0    305     61      -     97     88      0      0      0      0  27782      4      0 
 14:55:21       0    309     63      -     99     66      0      0      0      0  27782      4      0 
 14:55:22       0    323     63      -     86     44      0      0      0      0  27782      4      0 
 14:55:23       0    311     61      -    100     84      0      0      0      0  27782      4      0 
 14:55:24       0    319     62      -    100     92      0      0      0      0  27782      4      0 
 14:55:25       0    320     65      -     95     56      0      0      0      0  27782      4      0 
 14:55:26       0    311     64      -     85     43      0      0      0      0  27782      4      0 
 14:55:27       0    320     63      -     97     85      0      0      0      0  27782      4      0 
 14:55:28       0    311     63      -    100     85      0      0      0      0  27782      4      0 
 14:55:29       0    316     65      -     91     50      0      0      0      0  27782      4      0 
 14:55:30       0    314     66      -     89     48      0      0      0      0  27782      4      0 
 14:55:31       0    318     64      -     97     86      0      0      0      0  27782      4      0 
 14:55:32       0    317     66      -    100     82      0      0      0      0  27782      4      0 
 14:55:33       0    314     67      -     87     43      0      0      0      0  27782      4      0 
 14:55:34       0    319     66      -     94     61      0      0      0      0  27782      4      0 
 14:55:35       0    311     65      -     97     86      0      0      0      0  27782      4      0 
 14:55:36       0    318     66      -    100     74      0      0      0      0  27782      4      0 
 14:55:37       0    318     68      -     86     44      0      0      0      0  27782      4      0 
#Time         gpu    pwr  gtemp  mtemp     sm    mem    enc    dec    jpg    ofa     fb   bar1   ccpm 
#HH:MM:SS     Idx      W      C      C      %      %      %      %      %      %     MB     MB     MB 
 14:55:38       0    320     66      -    100     79      0      0      0      0  27782      4      0 
 14:55:39       0    321     66      -    100     89      0      0      0      0  27782      4      0 
 14:55:40       0    311     69      -     96     58      0      0      0      0  27782      4      0 
 14:55:41       0    322     69      -     86     43      0      0      0      0  27782      4      0 
 14:55:42       0    321     67      -     97     85      0      0      0      0  27782      4      0 
 14:55:43       0    313     67      -    100     85      0      0      0      0  27782      4      0 
 14:55:44       0    324     69      -     91     47      0      0      0      0  27782      4      0 
 14:55:45       0    315     69      -     90     51      0      0      0      0  27782      4      0 
 14:55:46       0    316     67      -     97     85      0      0      0      0  27782      4      0 
 14:55:47       0    324     68      -    100     70      0      0      0      0  27782      4      0 
 14:55:48       0    313     69      -     86     44      0      0      0      0  27782      4      0 
 14:55:49       0    313     69      -    100     84      0      0      0      0  27782      4      0 
 14:55:50       0    326     69      -    100     91      0      0      0      0  27782      4      0 
 14:55:51       0    316     70      -     95     58      0      0      0      0  27782      4      0 
 14:55:52       0    322     69      -     85     43      0      0      0      0  27782      4      0 
 14:55:53       0    319     68      -     97     86      0      0      0      0  27782      4      0 
 14:55:54       0    317     69      -    100     88      0      0      0      0  27782      4      0 
 14:55:55       0    316     69      -     90     46      0      0      0      0  27782      4      0 
 14:55:56       0    315     70      -     91     51      0      0      0      0  27782      4      0 
 14:55:57       0    322     69      -     97     88      0      0      0      0  27782      4      0 
 14:55:58       0    326     69      -    100     80      0      0      0      0  27782      4      0 
 14:55:59       0    316     71      -     87     43      0      0      0      0  27782      4      0 
 14:56:00       0    320     71      -     97     69      0      0      0      0  27782      4      0 
 14:56:01       0    314     69      -     97     86      0      0      0      0  27782      4      0 
 14:56:02       0    318     69      -     99     66      0      0      0      0  27782      4      0 
 14:56:03       0    327     71      -     86     44      0      0      0      0  27782      4      0 
 14:56:04       0    323     70      -    100     84      0      0      0      0  27782      4      0 
 14:56:05       0    318     69      -    100     91      0      0      0      0  27782      4      0 
 14:56:06       0    318     69      -     93     53      0      0      0      0  27782      4      0 
 14:56:07       0    311     73      -     88     45      0      0      0      0  27782      4      0 
 14:56:08       0    321     70      -     96     88      0      0      0      0  27782      4      0 
 14:56:09       0    310     70      -    100     83      0      0      0      0  27782      4      0 
 14:56:10       0    320     71      -     87     43      0      0      0      0  27782      4      0 
 14:56:11       0    323     71      -     95     61      0      0      0      0  27782      4      0 
 14:56:12       0    313     71      -     97     87      0      0      0      0  27782      4      0 
 14:56:13       0    312     69      -     94     57      0      0      0      0  27782      4      0 
 14:56:14       0    318     71      -     86     42      0      0      0      0  27782      4      0 
 14:56:15       0    320     71      -     97     89      0      0      0      0  27782      4      0 
 14:56:16       0    312     71      -    100     85      0      0      0      0  27782      4      0 
 14:56:17       0    326     70      -     89     45      0      0      0      0  27782      4      0 
 14:56:18       0    319     72      -     92     54      0      0      0      0  27782      4      0 
 14:56:19       0    322     71      -     97     86      0      0      0      0  27782      4      0 
 14:56:20       0    318     70      -    100     80      0      0      0      0  27782      4      0 
 14:56:21       0    317     71      -     87     44      0      0      0      0  27782      4      0 
#Time         gpu    pwr  gtemp  mtemp     sm    mem    enc    dec    jpg    ofa     fb   bar1   ccpm 
#HH:MM:SS     Idx      W      C      C      %      %      %      %      %      %     MB     MB     MB 
 14:56:22       0    146     63      -      0      0      0      0      0      0  27782      4      0 
 14:56:23       0    110     63      -    100      9      0      0      0      0     14      1      0 
