#Time         gpu    pwr  gtemp  mtemp     sm    mem    enc    dec    jpg    ofa     fb   bar1   ccpm 
#HH:MM:SS     Idx      W      C      C      %      %      %      %      %      %     MB     MB     MB 
 14:56:25       0    104     61      -      0      0      0      0      0      0     14      1      0 
 14:56:26       0     77     60      -      0      0      0      0      0      0     14      1      0 
 14:56:27       0     74     59      -      0      0      0      0      0      0     14      1      0 
 14:56:28       0     74     59      -      0      0      0      0      0      0     14      1      0 
 14:56:29       0     79     59      -      0      0      0      0      0      0    446      4      0 
 14:56:30       0     98     59      -      0      0      0      0      0      0    446      4      0 
 14:56:31       0     98     59      -      0      0      0      0      0      0    446      4      0 
 14:56:32       0     98     59      -      0      0      0      0      0      0    446      4      0 
 14:56:33       0     98     59      -      0      0      0      0      0      0    446      4      0 
 14:56:34       0     97     58      -      0      0      0      0      0      0    446      4      0 
 14:56:35       0     97     58      -      0      0      0      0      0      0    446      4      0 
 14:56:36       0     97     58      -      0      0      0      0      0      0    446      4      0 
 14:56:37       0     97     58      -      0      0      0      0      0      0    446      4      0 
 14:56:38       0     96     58      -      0      0      0      0      0      0    446      4      0 
 14:56:39       0     96     57      -      0      0      0      0      0      0    446      4      0 
 14:56:40       0     96     57      -      0      0      0      0      0      0    446      4      0 
 14:56:41       0     96     57      -      0      0      0      0      0      0    446      4      0 
 14:56:42       0     96     57      -      0      0      0      0      0      0    446      4      0 
 14:56:43       0     96     57      -      0      0      0      0      0      0    446      4      0 
 14:56:44       0     96     57      -      0      0      0      0      0      0    446      4      0 
 14:56:45       0     96     57      -      0      0      0      0      0      0    446      4      0 
 14:56:46       0     95     56      -      0      0      0      0      0      0    446      4      0 
 14:56:47       0     95     56      -      0      0      0      0      0      0    446      4      0 
 14:56:48       0     95     56      -      0      0      0      0      0      0    446      4      0 
 14:56:49       0     95     56      -      0      0      0      0      0      0    446      4      0 
 14:56:50       0     95     56      -      0      0      0      0      0      0    446      4      0 
 14:56:51       0     95     56      -      0      0      0      0      0      0    446      4      0 
 14:56:52       0     95     56      -      0      0      0      0      0      0    446      4      0 
 14:56:53       0     95     55      -      0      0      0      0      0      0    446      4      0 
 14:56:54       0     94     55      -      0      0      0      0      0      0    446      4      0 
 14:56:55       0     94     55      -      0      0      0      0      0      0    446      4      0 
 14:56:56       0     94     55      -      0      0      0      0      0      0    446      4      0 
 14:56:57       0     94     55      -      0      0      0      0      0      0    446      4      0 
 14:56:58       0     94     55      -      0      0      0      0      0      0    446      4      0 
 14:56:59       0     94     55      -      0      0      0      0      0      0    446      4      0 
 14:57:00       0     94     55      -      0      0      0      0      0      0    446      4      0 
 14:57:01       0     94     54      -      0      0      0      0      0      0    446      4      0 
 14:57:02       0     94     54      -      0      0      0      0      0      0    446      4      0 
 14:57:03       0     94     54      -      0      0      0      0      0      0    446      4      0 
 14:57:04       0     94     54      -      0      0      0      0      0      0    446      4      0 
 14:57:05       0     94     54      -      0      0      0      0      0      0    446      4      0 
 14:57:06       0     93     54      -      0      0      0      0      0      0    446      4      0 
 14:57:07       0     93     54      -      0      0      0      0      0      0    446      4      0 
 14:57:08       0     93     54      -      0      0      0      0      0      0    446      4      0 
#Time         gpu    pwr  gtemp  mtemp     sm    mem    enc    dec    jpg    ofa     fb   bar1   ccpm 
#HH:MM:SS     Idx      W      C      C      %      %      %      %      %      %     MB     MB     MB 
 14:57:09       0     93     54      -      0      0      0      0      0      0    446      4      0 
 14:57:10       0     93     53      -      0      0      0      0      0      0    446      4      0 
 14:57:11       0     93     53      -      0      0      0      0      0      0    446      4      0 
 14:57:12       0     93     53      -      0      0      0      0      0      0    446      4      0 
 14:57:13       0     93     53      -      0      0      0      0      0      0    446      4      0 
 14:57:14       0     93     53      -      0      0      0      0      0      0    446      4      0 
 14:57:15       0     92     53      -      0      0      0      0      0      0    446      4      0 
 14:57:16       0     92     53      -      0      0      0      0      0      0    446      4      0 
 14:57:17       0     92     53      -      0      0      0      0      0      0    446      4      0 
 14:57:18       0     93     53      -      0      0      0      0      0      0    446      4      0 
 14:57:19       0     93     52      -      0      0      0      0      0      0    446      4      0 
 14:57:20       0     92     52      -      0      0      0      0      0      0    446      4      0 
 14:57:21       0     92     52      -      0      0      0      0      0      0    446      4      0 
 14:57:22       0     94     52      -     33      1      0      0      0      0   6258      4      0 
 14:57:23       0     94     52      -      0      0      0      0      0      0   8464      4      0 
 14:57:24       0     94     52      -      9      0      0      0      0      0   9904      4      0 
 14:57:25       0     94     52      -      9      0      0      0      0      0  11936      4      0 
 14:57:26       0     95     52      -     10      0      0      0      0      0  14304      4      0 
 14:57:27       0     94     52      -     11      0      0      0      0      0  16154      4      0 
 14:57:28       0     93     52      -      0      0      0      0      0      0  16154      4      0 
 14:57:29       0     92     52      -      0      0      0      0      0      0  16154      4      0 
 14:57:30       0     93     52      -      0      0      0      0      0      0  16154      4      0 
 14:57:31       0     94     52      -      0      0      0      0      0      0  16154      4      0 
 14:57:32       0    103     52      -      1      0      0      0      0      0  17276      4      0 
 14:57:33       0    265     59      -    100     84      0      0      0      0  28660      4      0 
 14:57:34       0    308     61      -     94     63      0      0      0      0  29398      4      0 
 14:57:35       0    317     61      -    100     75      0      0      0      0  29398      4      0 
 14:57:36       0    315     62      -    100     70      0      0      0      0  29398      4      0 
 14:57:37       0    311     63      -     89     49      0      0      0      0  29398      4      0 
 14:57:38       0    318     63      -    100     85      0      0      0      0  29398      4      0 
 14:57:39       0    311     63      -     87     46      0      0      0      0  29398      4      0 
 14:57:40       0    310     63      -    100     91      0      0      0      0  29398      4      0 
 14:57:41       0    312     64      -     87     46      0      0      0      0  29398      4      0 
 14:57:42       0    312     63      -     91     84      0      0      0      0  29398      4      0 
 14:57:43       0    317     66      -     91     49      0      0      0      0  29398      4      0 
 14:57:44       0    325     65      -    100     74      0      0      0      0  29398      4      0 
 14:57:45       0    317     67      -    100     74      0      0      0      0  29398      4      0 
 14:57:46       0    312     66      -     87     45      0      0      0      0  29398      4      0 
 14:57:47       0    319     65      -    100     89      0      0      0      0  29398      4      0 
 14:57:48       0    317     67      -     87     45      0      0      0      0  29398      4      0 
 14:57:49       0    316     66      -     96     86      0      0      0      0  29398      4      0 
 14:57:50       0    318     68      -     87     45      0      0      0      0  29398      4      0 
 14:57:51       0    314     67      -     94     84      0      0      0      0  29398      4      0 
 14:57:52       0    323     66      -     92     51      0      0      0      0  29398      4      0 
#Time         gpu    pwr  gtemp  mtemp     sm    mem    enc    dec    jpg    ofa     fb   bar1   ccpm 
#HH:MM:SS     Idx      W      C      C      %      %      %      %      %      %     MB     MB     MB 
 14:57:53       0    328     68      -     98     72      0      0      0      0  29398      4      0 
 14:57:54       0    315     66      -    100     73      0      0      0      0  29398      4      0 
 14:57:55       0    314     69      -     88     46      0      0      0      0  29398      4      0 
 14:57:56       0    315     68      -    100     86      0      0      0      0  29398      4      0 
 14:57:58       0    325     69      -     88     45      0      0      0      0  29398      4      0 
 14:57:59       0    321     67      -     99     90      0      0      0      0  29398      4      0 
 14:58:00       0    316     69      -     87     45      0      0      0      0  29398      4      0 
 14:58:01       0    318     68      -     97     87      0      0      0      0  29398      4      0 
 14:58:02       0    318     70      -     91     47      0      0      0      0  29398      4      0 
 14:58:03       0    320     69      -    100     79      0      0      0      0  29398      4      0 
 14:58:04       0    317     69      -    100     69      0      0      0      0  29398      4      0 
 14:58:05       0    318     69      -     90     53      0      0      0      0  29398      4      0 
 14:58:06       0    319     68      -     97     86      0      0      0      0  29398      4      0 
 14:58:07       0    314     70      -     90     45      0      0      0      0  29398      4      0 
 14:58:08       0    322     68      -    100     82      0      0      0      0  29398      4      0 
 14:58:09       0    324     70      -    100     66      0      0      0      0  29398      4      0 
 14:58:10       0    322     70      -     91     52      0      0      0      0  29398      4      0 
 14:58:11       0    320     70      -    100     83      0      0      0      0  29398      4      0 
 14:58:12       0    318     70      -     87     46      0      0      0      0  29398      4      0 
 14:58:13       0    318     69      -    100     90      0      0      0      0  29398      4      0 
 14:58:14       0    322     70      -     87     46      0      0      0      0  29398      4      0 
 14:58:15       0    322     69      -     97     86      0      0      0      0  29398      4      0 
 14:58:16       0    318     71      -     87     45      0      0      0      0  29398      4      0 
 14:58:17       0    321     70      -    100     89      0      0      0      0  29398      4      0 
 14:58:18       0    318     71      -     94     54      0      0      0      0  29398      4      0 
 14:58:19       0    313     71      -     96     66      0      0      0      0  29398      4      0 
 14:58:20       0    315     70      -    100     76      0      0      0      0  29398      4      0 
 14:58:21       0    318     71      -     87     44      0      0      0      0  29398      4      0 
 14:58:22       0    321     70      -    100     89      0      0      0      0  29398      4      0 
 14:58:23       0    321     72      -     87     45      0      0      0      0  29398      4      0 
 14:58:24       0    324     70      -     98     88      0      0      0      0  29398      4      0 
 14:58:25       0    319     71      -    100     82      0      0      0      0  29398      4      0 
 14:58:26       0    318     71      -     88     46      0      0      0      0  29398      4      0 
 14:58:27       0    319     70      -    100     90      0      0      0      0  29398      4      0 
 14:58:28       0    319     72      -     87     44      0      0      0      0  29398      4      0 
 14:58:29       0    318     70      -     97     87      0      0      0      0  29398      4      0 
 14:58:30       0    320     71      -     87     45      0      0      0      0  29398      4      0 
 14:58:31       0    323     72      -     94     82      0      0      0      0  29398      4      0 
 14:58:32       0    324     71      -     93     50      0      0      0      0  29398      4      0 
 14:58:33       0    325     72      -     99     73      0      0      0      0  29398      4      0 
 14:58:34       0    318     71      -     96     61      0      0      0      0  29398      4      0 
 14:58:35       0    319     72      -     95     65      0      0      0      0  29398      4      0 
 14:58:36       0    313     70      -    100     69      0      0      0      0  29398      4      0 
 14:58:37       0    310     72      -     91     50      0      0      0      0  29398      4      0 
#Time         gpu    pwr  gtemp  mtemp     sm    mem    enc    dec    jpg    ofa     fb   bar1   ccpm 
#HH:MM:SS     Idx      W      C      C      %      %      %      %      %      %     MB     MB     MB 
 14:58:38       0    312     70      -    100     82      0      0      0      0  29398      4      0 
 14:58:39       0    313     71      -     87     45      0      0      0      0  29398      4      0 
 14:58:40       0    317     71      -    100     90      0      0      0      0  29398      4      0 
 14:58:41       0    316     72      -     87     45      0      0      0      0  29398      4      0 
 14:58:42       0    313     71      -     97     86      0      0      0      0  29398      4      0 
 14:58:43       0    321     70      -    100     85      0      0      0      0  29398      4      0 
 14:58:44       0    258     65      -      0      0      0      0      0      0  29398      4      0 
 14:58:45       0    104     63      -      0      0      0      0      0      0  29393      3      0 
