#Time         gpu    pwr  gtemp  mtemp     sm    mem    enc    dec    jpg    ofa     fb   bar1   ccpm 
#HH:MM:SS     Idx      W      C      C      %      %      %      %      %      %     MB     MB     MB 
 14:49:43       0     35     36      -      0      0      0      0      0      0     14      1      0 
 14:49:44       0     35     36      -      0      0      0      0      0      0     14      1      0 
 14:49:45       0     35     36      -      0      0      0      0      0      0     14      1      0 
 14:49:46       0     35     36      -      0      0      0      0      0      0     14      1      0 
 14:49:47       0     35     36      -      0      0      0      0      0      0     14      1      0 
 14:49:48       0     35     36      -      0      0      0      0      0      0     14      1      0 
 14:49:49       0     35     36      -      0      0      0      0      0      0     14      1      0 
 14:49:50       0     53     37      -      0      0      0      0      0      0    446      4      0 
 14:49:51       0     83     37      -      0      0      0      0      0      0    446      4      0 
 14:49:52       0     84     37      -      0      0      0      0      0      0    446      4      0 
 14:49:53       0     83     37      -      0      0      0      0      0      0    446      4      0 
 14:49:54       0     84     38      -      0      0      0      0      0      0    446      4      0 
 14:49:55       0     84     38      -      0      0      0      0      0      0    446      4      0 
 14:49:56       0     84     38      -      0      0      0      0      0      0    446      4      0 
 14:49:57       0     84     38      -      0      0      0      0      0      0    446      4      0 
 14:49:58       0     84     38      -      0      0      0      0      0      0    446      4      0 
 14:49:59       0     84     38      -      0      0      0      0      0      0    446      4      0 
 14:50:00       0     84     38      -      0      0      0      0      0      0    446      4      0 
 14:50:01       0     84     38      -      0      0      0      0      0      0    446      4      0 
 14:50:02       0     84     38      -      0      0      0      0      0      0    446      4      0 
 14:50:03       0     84     38      -      0      0      0      0      0      0    446      4      0 
 14:50:04       0     84     39      -      0      0      0      0      0      0    446      4      0 
 14:50:05       0     84     39      -      0      0      0      0      0      0    446      4      0 
 14:50:06       0     84     39      -      0      0      0      0      0      0    446      4      0 
 14:50:07       0     84     39      -      0      0      0      0      0      0    446      4      0 
 14:50:08       0     84     39      -      0      0      0      0      0      0    446      4      0 
 14:50:09       0     84     39      -      0      0      0      0      0      0    446      4      0 
 14:50:10       0     84     39      -      0      0      0      0      0      0    446      4      0 
 14:50:11       0     84     39      -      0      0      0      0      0      0    446      4      0 
 14:50:12       0     84     39      -      0      0      0      0      0      0    446      4      0 
 14:50:13       0     84     39      -      0      0      0      0      0      0    446      4      0 
 14:50:14       0     84     39      -      0      0      0      0      0      0    446      4      0 
 14:50:15       0     85     39      -      0      0      0      0      0      0    446      4      0 
 14:50:16       0     85     39      -      0      0      0      0      0      0    446      4      0 
 14:50:17       0     84     39      -      0      0      0      0      0      0    446      4      0 
 14:50:18       0     85     40      -      0      0      0      0      0      0    446      4      0 
 14:50:19       0     85     40      -      0      0      0      0      0      0    446      4      0 
 14:50:20       0     85     40      -      0      0      0      0      0      0    446      4      0 
 14:50:21       0     85     40      -      0      0      0      0      0      0    446      4      0 
 14:50:22       0     85     40      -      0      0      0      0      0      0    446      4      0 
 14:50:23       0     84     40      -      0      0      0      0      0      0    446      4      0 
 14:50:24       0     85     40      -      0      0      0      0      0      0    446      4      0 
 14:50:25       0     85     40      -      0      0      0      0      0      0    446      4      0 
 14:50:26       0     84     40      -      0      0      0      0      0      0    446      4      0 
#Time         gpu    pwr  gtemp  mtemp     sm    mem    enc    dec    jpg    ofa     fb   bar1   ccpm 
#HH:MM:SS     Idx      W      C      C      %      %      %      %      %      %     MB     MB     MB 
 14:50:27       0     85     40      -      0      0      0      0      0      0    446      4      0 
 14:50:28       0     85     40      -      0      0      0      0      0      0    446      4      0 
 14:50:29       0     85     40      -      0      0      0      0      0      0    446      4      0 
 14:50:30       0     85     40      -      0      0      0      0      0      0    446      4      0 
 14:50:31       0     85     40      -      0      0      0      0      0      0    446      4      0 
 14:50:32       0     85     40      -      0      0      0      0      0      0    446      4      0 
 14:50:33       0     85     40      -      0      0      0      0      0      0    446      4      0 
 14:50:34       0     85     40      -      0      0      0      0      0      0    446      4      0 
 14:50:35       0     85     40      -      0      0      0      0      0      0    446      4      0 
 14:50:36       0     85     41      -      0      0      0      0      0      0    446      4      0 
 14:50:37       0     85     41      -      0      0      0      0      0      0    446      4      0 
 14:50:38       0     85     41      -      0      0      0      0      0      0    446      4      0 
 14:50:39       0     85     41      -      0      0      0      0      0      0    446      4      0 
 14:50:40       0     85     41      -      0      0      0      0      0      0    446      4      0 
 14:50:41       0     85     41      -      0      0      0      0      0      0    446      4      0 
 14:50:42       0     85     41      -      2      0      0      0      0      0    694      4      0 
 14:50:43       0     86     41      -      2      0      0      0      0      0   1178      4      0 
 14:50:44       0     86     41      -      2      0      0      0      0      0   1688      4      0 
 14:50:45       0     86     41      -      2      0      0      0      0      0   2178      4      0 
 14:50:46       0     86     41      -      2      0      0      0      0      0   2684      4      0 
 14:50:47       0     86     41      -      2      0      0      0      0      0   3194      4      0 
 14:50:48       0     86     41      -      2      0      0      0      0      0   3664      4      0 
 14:50:49       0     86     41      -      2      0      0      0      0      0   4188      4      0 
 14:50:50       0     86     41      -      2      0      0      0      0      0   4698      4      0 
 14:50:51       0     86     41      -      2      0      0      0      0      0   5150      4      0 
 14:50:52       0     86     41      -      2      0      0      0      0      0   5640      4      0 
 14:50:54       0     86     41      -      2      0      0      0      0      0   6150      4      0 
 14:50:55       0     88     42      -      0      0      0      0      0      0   8304      4      0 
 14:50:56       0     87     42      -      8      0      0      0      0      0   9504      4      0 
 14:50:57       0     87     42      -      9      0      0      0      0      0  11120      4      0 
 14:50:58       0     87     42      -      8      0      0      0      0      0  13264      4      0 
 14:50:59       0     88     42      -     12      1      0      0      0      0  15776      4      0 
 14:51:00       0     87     42      -      0      0      0      0      0      0  16154      4      0 
 14:51:01       0     86     42      -      0      0      0      0      0      0  16154      4      0 
 14:51:02       0     85     42      -      0      0      0      0      0      0  16154      4      0 
 14:51:03       0     87     42      -     23      1      0      0      0      0  16154      4      0 
 14:51:04       0     87     42      -      0      0      0      0      0      0  16154      4      0 
 14:51:05       0    122     46      -     39     28      0      0      0      0  19852      4      0 
 14:51:06       0    249     50      -     79     52      0      0      0      0  24428      4      0 
 14:51:07       0    307     50      -     85     32      0      0      0      0  24430      4      0 
 14:51:08       0    302     51      -     96     56      0      0      0      0  24430      4      0 
 14:51:09       0    306     52      -    100     81      0      0      0      0  24430      4      0 
 14:51:10       0    299     52      -    100     91      0      0      0      0  24430      4      0 
 14:51:11       0    303     54      -     97     86      0      0      0      0  24430      4      0 
#Time         gpu    pwr  gtemp  mtemp     sm    mem    enc    dec    jpg    ofa     fb   bar1   ccpm 
#HH:MM:SS     Idx      W      C      C      %      %      %      %      %      %     MB     MB     MB 
 14:51:12       0    313     55      -     97     87      0      0      0      0  24430      4      0 
 14:51:13       0    307     56      -     98     76      0      0      0      0  24430      4      0 
 14:51:14       0    309     55      -     90     43      0      0      0      0  24430      4      0 
 14:51:15       0    315     55      -     92     44      0      0      0      0  24430      4      0 
 14:51:16       0    310     55      -    100     72      0      0      0      0  24430      4      0 
 14:51:17       0    298     56      -    100     85      0      0      0      0  24430      4      0 
 14:51:18       0    316     58      -    100     89      0      0      0      0  24430      4      0 
 14:51:19       0    308     58      -     97     89      0      0      0      0  24430      4      0 
 14:51:20       0    312     59      -    100     89      0      0      0      0  24430      4      0 
 14:51:21       0    313     58      -     95     63      0      0      0      0  24430      4      0 
 14:51:22       0    309     59      -     88     34      0      0      0      0  24430      4      0 
 14:51:23       0    308     58      -     95     51      0      0      0      0  24430      4      0 
 14:51:24       0    313     58      -    100     78      0      0      0      0  24430      4      0 
 14:51:25       0    302     59      -    100     88      0      0      0      0  24430      4      0 
 14:51:26       0    312     60      -    100     90      0      0      0      0  24430      4      0 
 14:51:27       0    305     61      -     97     86      0      0      0      0  24430      4      0 
 14:51:28       0    314     63      -    100     85      0      0      0      0  24430      4      0 
 14:51:29       0    313     62      -     97     68      0      0      0      0  24430      4      0 
 14:51:30       0    311     61      -     89     38      0      0      0      0  24430      4      0 
 14:51:31       0    317     61      -     93     46      0      0      0      0  24430      4      0 
 14:51:32       0    307     61      -    100     71      0      0      0      0  24430      4      0 
 14:51:33       0    306     61      -    100     84      0      0      0      0  24430      4      0 
 14:51:34       0    310     63      -    100     91      0      0      0      0  24430      4      0 
 14:51:35       0    310     63      -     97     89      0      0      0      0  24430      4      0 
 14:51:36       0    315     64      -     97     87      0      0      0      0  24430      4      0 
 14:51:37       0    314     63      -    100     78      0      0      0      0  24430      4      0 
 14:51:38       0    310     63      -     91     45      0      0      0      0  24430      4      0 
 14:51:39       0    314     63      -     91     37      0      0      0      0  24430      4      0 
 14:51:40       0    305     64      -     98     61      0      0      0      0  24430      4      0 
 14:51:41       0    318     64      -    100     79      0      0      0      0  24430      4      0 
 14:51:42       0    308     65      -    100     89      0      0      0      0  24430      4      0 
 14:51:43       0    321     66      -     97     85      0      0      0      0  24430      4      0 
 14:51:44       0    309     66      -     97     85      0      0      0      0  24430      4      0 
 14:51:45       0    309     67      -    100     86      0      0      0      0  24430      4      0 
 14:51:46       0    318     65      -    100     80      0      0      0      0  24430      4      0 
 14:51:47       0    307     66      -    100     86      0      0      0      0  24430      4      0 
 14:51:48       0    316     66      -    100     89      0      0      0      0  24430      4      0 
 14:51:49       0    312     66      -     97     88      0      0      0      0  24430      4      0 
 14:51:50       0    319     67      -     97     85      0      0      0      0  24430      4      0 
 14:51:51       0    316     67      -     98     72      0      0      0      0  24430      4      0 
 14:51:52       0    311     69      -     90     43      0      0      0      0  24430      4      0 
 14:51:53       0    317     68      -     91     40      0      0      0      0  24430      4      0 
 14:51:54       0    310     67      -     98     62      0      0      0      0  24430      4      0 
 14:51:55       0    317     67      -    100     81      0      0      0      0  24430      4      0 
#Time         gpu    pwr  gtemp  mtemp     sm    mem    enc    dec    jpg    ofa     fb   bar1   ccpm 
#HH:MM:SS     Idx      W      C      C      %      %      %      %      %      %     MB     MB     MB 
 14:51:56       0    310     68      -    100     89      0      0      0      0  24430      4      0 
 14:51:57       0    318     67      -     97     87      0      0      0      0  24430      4      0 
 14:51:58       0    197     61      -      0      0      0      0      0      0  24430      4      0 
 14:51:59       0    100     60      -      0      0      0      0      0      0     14      1      0 
