#Time         gpu    pwr  gtemp  mtemp     sm    mem    enc    dec    jpg    ofa     fb   bar1   ccpm 
#HH:MM:SS     Idx      W      C      C      %      %      %      %      %      %     MB     MB     MB 
 14:52:01       0     98     59      -      0      0      0      0      0      0     14      1      0 
 14:52:02       0     75     58      -      0      0      0      0      0      0     14      1      0 
 14:52:03       0     72     57      -      0      0      0      0      0      0     14      1      0 
 14:52:04       0     72     56      -      0      0      0      0      0      0     14      1      0 
 14:52:05       0     73     57      -      0      0      0      0      0      0    446      4      0 
 14:52:06       0     95     57      -      0      0      0      0      0      0    446      4      0 
 14:52:07       0     95     56      -      0      0      0      0      0      0    446      4      0 
 14:52:08       0     94     56      -      0      0      0      0      0      0    446      4      0 
 14:52:09       0     94     56      -      0      0      0      0      0      0    446      4      0 
 14:52:10       0     94     56      -      0      0      0      0      0      0    446      4      0 
 14:52:11       0     94     56      -      0      0      0      0      0      0    446      4      0 
 14:52:12       0     94     56      -      0      0      0      0      0      0    446      4      0 
 14:52:13       0     94     55      -      0      0      0      0      0      0    446      4      0 
 14:52:14       0     94     55      -      0      0      0      0      0      0    446      4      0 
 14:52:15       0     94     55      -      0      0      0      0      0      0    446      4      0 
 14:52:16       0     93     55      -      0      0      0      0      0      0    446      4      0 
 14:52:17       0     93     55      -      0      0      0      0      0      0    446      4      0 
 14:52:18       0     93     55      -      0      0      0      0      0      0    446      4      0 
 14:52:19       0     93     54      -      0      0      0      0      0      0    446      4      0 
 14:52:20       0     93     54      -      0      0      0      0      0      0    446      4      0 
 14:52:21       0     93     54      -      0      0      0      0      0      0    446      4      0 
 14:52:22       0     93     54      -      0      0      0      0      0      0    446      4      0 
 14:52:23       0     93     54      -      0      0      0      0      0      0    446      4      0 
 14:52:24       0     92     54      -      0      0      0      0      0      0    446      4      0 
 14:52:25       0     92     54      -      0      0      0      0      0      0    446      4      0 
 14:52:26       0     92     53      -      0      0      0      0      0      0    446      4      0 
 14:52:27       0     92     53      -      0      0      0      0      0      0    446      4      0 
 14:52:28       0     92     53      -      0      0      0      0      0      0    446      4      0 
 14:52:29       0     93     53      -      0      0      0      0      0      0    446      4      0 
 14:52:30       0     93     53      -      0      0      0      0      0      0    446      4      0 
 14:52:31       0     93     53      -      0      0      0      0      0      0    446      4      0 
 14:52:32       0     92     53      -      0      0      0      0      0      0    446      4      0 
 14:52:33       0     92     53      -      0      0      0      0      0      0    446      4      0 
 14:52:34       0     92     53      -      0      0      0      0      0      0    446      4      0 
 14:52:35       0     92     52      -      0      0      0      0      0      0    446      4      0 
 14:52:36       0     92     52      -      0      0      0      0      0      0    446      4      0 
 14:52:37       0     92     52      -      0      0      0      0      0      0    446      4      0 
 14:52:38       0     92     52      -      0      0      0      0      0      0    446      4      0 
 14:52:39       0     92     52      -      0      0      0      0      0      0    446      4      0 
 14:52:40       0     92     52      -      0      0      0      0      0      0    446      4      0 
 14:52:41       0     92     52      -      0      0      0      0      0      0    446      4      0 
 14:52:42       0     92     52      -      0      0      0      0      0      0    446      4      0 
 14:52:43       0     92     52      -      0      0      0      0      0      0    446      4      0 
 14:52:44       0     92     52      -      0      0      0      0      0      0    446      4      0 
#Time         gpu    pwr  gtemp  mtemp     sm    mem    enc    dec    jpg    ofa     fb   bar1   ccpm 
#HH:MM:SS     Idx      W      C      C      %      %      %      %      %      %     MB     MB     MB 
 14:52:45       0     92     51      -      0      0      0      0      0      0    446      4      0 
 14:52:46       0     92     51      -      0      0      0      0      0      0    446      4      0 
 14:52:47       0     92     51      -      0      0      0      0      0      0    446      4      0 
 14:52:48       0     92     51      -      0      0      0      0      0      0    446      4      0 
 14:52:49       0     92     51      -      0      0      0      0      0      0    446      4      0 
 14:52:50       0     91     51      -      0      0      0      0      0      0    446      4      0 
 14:52:51       0     91     51      -      0      0      0      0      0      0    446      4      0 
 14:52:52       0     92     51      -      0      0      0      0      0      0    446      4      0 
 14:52:53       0     91     51      -      0      0      0      0      0      0    446      4      0 
 14:52:54       0     91     51      -      0      0      0      0      0      0    446      4      0 
 14:52:55       0     91     51      -      0      0      0      0      0      0    446      4      0 
 14:52:56       0     91     51      -      0      0      0      0      0      0    446      4      0 
 14:52:57       0     91     51      -      0      0      0      0      0      0    446      4      0 
 14:52:58       0     97     51      -     33      1      0      0      0      0   3516      4      0 
 14:52:59       0     95     50      -      0      0      0      0      0      0   8304      4      0 
 14:53:00       0     93     50      -      8      0      0      0      0      0   9344      4      0 
 14:53:01       0     93     50      -      8      0      0      0      0      0  11120      4      0 
 14:53:02       0     93     50      -     12      1      0      0      0      0  13296      4      0 
 14:53:03       0     93     50      -      8      0      0      0      0      0  15696      4      0 
 14:53:04       0     92     50      -      0      0      0      0      0      0  16154      4      0 
 14:53:05       0     92     50      -      0      0      0      0      0      0  16154      4      0 
 14:53:06       0     91     50      -      0      0      0      0      0      0  16154      4      0 
 14:53:07       0     92     50      -      0      0      0      0      0      0  16154      4      0 
 14:53:08       0     92     50      -      0      0      0      0      0      0  16154      4      0 
 14:53:09       0    190     55      -     94     68      0      0      0      0  25360      4      0 
 14:53:10       0    302     58      -    100     90      0      0      0      0  26098      4      0 
 14:53:11       0    310     58      -    100     87      0      0      0      0  26098      4      0 
 14:53:12       0    317     59      -    100     80      0      0      0      0  26098      4      0 
 14:53:13       0    311     62      -     98     61      0      0      0      0  26098      4      0 
 14:53:14       0    318     62      -     91     43      0      0      0      0  26098      4      0 
 14:53:15       0    318     62      -     86     34      0      0      0      0  26098      4      0 
 14:53:16       0    312     62      -     88     38      0      0      0      0  26098      4      0 
 14:53:17       0    319     62      -     95     61      0      0      0      0  26098      4      0 
 14:53:18       0    324     63      -    100     83      0      0      0      0  26098      4      0 
 14:53:19       0    314     62      -     97     87      0      0      0      0  26834      4      0 
 14:53:20       0    312     63      -     97     87      0      0      0      0  26834      4      0 
 14:53:21       0    316     63      -    100     89      0      0      0      0  26834      4      0 
 14:53:22       0    318     65      -    100     86      0      0      0      0  26834      4      0 
 14:53:23       0    316     66      -    100     79      0      0      0      0  26834      4      0 
 14:53:24       0    317     66      -     98     60      0      0      0      0  26834      4      0 
 14:53:25       0    320     66      -     90     40      0      0      0      0  26834      4      0 
 14:53:26       0    317     67      -     86     34      0      0      0      0  26834      4      0 
 14:53:27       0    316     67      -     90     44      0      0      0      0  26834      4      0 
 14:53:28       0    317     65      -     97     70      0      0      0      0  26834      4      0 
#Time         gpu    pwr  gtemp  mtemp     sm    mem    enc    dec    jpg    ofa     fb   bar1   ccpm 
#HH:MM:SS     Idx      W      C      C      %      %      %      %      %      %     MB     MB     MB 
 14:53:29       0    317     67      -    100     86      0      0      0      0  26834      4      0 
 14:53:30       0    324     66      -     97     87      0      0      0      0  26834      4      0 
 14:53:31       0    316     67      -     97     86      0      0      0      0  26834      4      0 
 14:53:32       0    319     66      -    100     90      0      0      0      0  26834      4      0 
 14:53:33       0    323     67      -    100     82      0      0      0      0  26834      4      0 
 14:53:34       0    316     66      -    100     73      0      0      0      0  26834      4      0 
 14:53:35       0    313     68      -     88     40      0      0      0      0  26834      4      0 
 14:53:36       0    321     69      -     86     37      0      0      0      0  26834      4      0 
 14:53:37       0    324     69      -     89     43      0      0      0      0  26834      4      0 
 14:53:38       0    320     69      -     96     65      0      0      0      0  26834      4      0 
 14:53:39       0    318     69      -    100     85      0      0      0      0  26834      4      0 
 14:53:40       0    319     68      -     97     86      0      0      0      0  26834      4      0 
 14:53:41       0    322     70      -     97     86      0      0      0      0  26834      4      0 
 14:53:42       0    321     68      -    100     90      0      0      0      0  26834      4      0 
 14:53:43       0    320     68      -    100     81      0      0      0      0  26834      4      0 
 14:53:44       0    321     68      -    100     71      0      0      0      0  26834      4      0 
 14:53:45       0    316     69      -     94     50      0      0      0      0  26834      4      0 
 14:53:46       0    316     69      -     86     36      0      0      0      0  26834      4      0 
 14:53:47       0    320     69      -     87     37      0      0      0      0  26834      4      0 
 14:53:48       0    319     71      -     92     58      0      0      0      0  26834      4      0 
 14:53:49       0    326     70      -    100     84      0      0      0      0  26834      4      0 
 14:53:50       0    321     70      -     97     86      0      0      0      0  26834      4      0 
 14:53:51       0    323     69      -     96     88      0      0      0      0  26834      4      0 
 14:53:52       0    326     69      -    100     89      0      0      0      0  26834      4      0 
 14:53:53       0    321     69      -    100     84      0      0      0      0  26834      4      0 
 14:53:54       0    319     69      -    100     72      0      0      0      0  26834      4      0 
 14:53:55       0    319     70      -     94     49      0      0      0      0  26834      4      0 
 14:53:56       0    316     70      -     86     33      0      0      0      0  26834      4      0 
 14:53:57       0    322     70      -     87     35      0      0      0      0  26834      4      0 
 14:53:58       0    320     71      -     94     62      0      0      0      0  26834      4      0 
 14:53:59       0    319     71      -     94     83      0      0      0      0  26834      4      0 
 14:54:00       0    321     71      -     97     86      0      0      0      0  26834      4      0 
 14:54:01       0    322     70      -    100     90      0      0      0      0  26834      4      0 
 14:54:02       0    321     69      -    100     85      0      0      0      0  26834      4      0 
 14:54:03       0    323     69      -    100     74      0      0      0      0  26834      4      0 
 14:54:04       0    324     70      -     95     53      0      0      0      0  26834      4      0 
 14:54:05       0    322     70      -     87     34      0      0      0      0  26834      4      0 
 14:54:06       0    324     70      -     86     34      0      0      0      0  26834      4      0 
 14:54:07       0    259     64      -      0      0      0      0      0      0  26834      4      0 
 14:54:08       0    103     62      -      1      0      0      0      0      0  26829      3      0 
 14:54:09       0    113     62      -      0      0      0      0      0      0     14      1      0 
